23226
19801
22552
21372
1051
26828
31292
24019
10248
29805
12388
29304
32256
2828
9777
23129
1994
20901
11706
7163
31592
2439
6439
16062
2375
3509
21116
21345
21176
16269
9650
26056
9380
9895
28940
15357
19066
18432
12200
1654
3437
30808
4693
26006
13277
11736
6820
26741
5394
5368
27714
26852
5424
27808
18564
26796
7527
28045
26692
21527
25707
16631
10220
19890
6948
19057
14800
26448
20902
18704
21185
27730
10339
5071
1246
8486
8607
30002
15534
7182
10021
27178
5228
6947
6201
18489
29090
31641
29645
3798
8442
13892
29432
26643
25680
1371
10147
7293
9995
6013
29574
32324
19630
29681
27475
3996
19882
29746
31280
26722
5751
30379
22891
7939
23778
11967
12393
14490
24489
13836
28896
25688
17477
17137
17222
1577
1799
10317
6026
