1051
1246
1371
1577
1654
1799
1994
2375
2439
2828
3437
3509
3798
3996
4693
5071
5228
5368
5394
5424
5751
6013
6026
6201
6439
6820
6947
6948
7163
7182
7293
7527
7939
8442
8486
8607
9380
9650
9777
9895
9995
10021
10147
10220
10248
10317
10339
11706
11736
11967
12200
12388
12393
13277
13836
13892
14490
14800
15357
15534
16062
16269
16631
17137
17222
17477
18432
18489
18564
18704
19057
19066
19630
19801
19882
19890
20901
20902
21116
21176
21185
21345
21372
21527
22552
22891
23129
23226
23778
24019
24489
25680
25688
25707
26006
26056
26448
26643
26692
26722
26741
26796
26828
26852
27178
27475
27714
27730
27808
28045
28896
28940
29090
29304
29432
29574
29645
29681
29746
29805
30002
30379
30808
31280
31292
31592
31641
32256
32324
